image_width: 1280
image_height: 720
camera_name: head_camera
camera_matrix:
  rows: 3
  cols: 3
  data: [1428.083013503356, 0, 659.1736205891162, 0, 1434.935590627573, 331.0984157645788, 0, 0, 1]
distortion_model: plumb_bob
distortion_coefficients:
  rows: 1
  cols: 5
  data: [-0.04165952206800765, 0.09925145005322927, -0.0005363329574392885, 0.004260239384008954, 0]
rectification_matrix:
  rows: 3
  cols: 3
  data: [1, 0, 0, 0, 1, 0, 0, 0, 1]
projection_matrix:
  rows: 3
  cols: 4
  data: [1421.943115234375, 0, 663.1025610754805, 0, 0, 1434.147216796875, 330.8395141502369, 0, 0, 0, 1, 0]