image_width: 1920
image_height: 1080
camera_name: head_camera
camera_matrix:
  rows: 3
  cols: 3
  data: [1156.404350938224, 0, 968.1094628842349, 0, 1160.422195223241, 569.6250016168132, 0, 0, 1]
distortion_model: plumb_bob
distortion_coefficients:
  rows: 1
  cols: 5
  data: [0.06826943026330838, -0.1253911431572227, 2.462558925844933e-05, 0.001133975298401164, 0]
rectification_matrix:
  rows: 3
  cols: 3
  data: [1, 0, 0, 0, 1, 0, 0, 0, 1]
projection_matrix:
  rows: 3
  cols: 4
  data: [1139.040649414062, 0, 972.9612645737579, 0, 0, 1171.594360351562, 569.5827101394898, 0, 0, 0, 1, 0]