image_width: 640
image_height: 480
camera_name: head_camera
camera_matrix:
  rows: 3
  cols: 3
  data: [508.4622659722837, 0, 320.1567309953925, 0, 510.3760241871046, 255.9977121533518, 0, 0, 1]
distortion_model: plumb_bob
distortion_coefficients:
  rows: 1
  cols: 5
  data: [0.06966317898183542, -0.144426446988418, 0.000896739820470537, 0.0008578832403542252, 0]
rectification_matrix:
  rows: 3
  cols: 3
  data: [1, 0, 0, 0, 1, 0, 0, 0, 1]
projection_matrix:
  rows: 3
  cols: 4
  data: [511.0048828125, 0, 320.6941533676581, 0, 0, 514.70556640625, 256.3379424343148, 0, 0, 0, 1, 0]
